#preset Default
AutoFocus = true
NormalScale = 1
AOScale = 0.5882353
Glow = 1
AOStrength = 1
Samples = 20
Stratify = true
DebugInside = false
CentralDifferences = true
SampleNeighbors = true
Near = 0
Far = 12
DepthToAlpha = false
DebugNormals = false
Gamma = 1.0
SpecularExp = 16.364
SpotLight = 1,1,1,0.1
SpotLightDir = 0.63626,0.5
CamLight = 1,1,1,1.53846
CamLightMin = 0.12121
Specular = 1
BaseColor = 0.4,0.690196,1
OrbitStrength = 0.5504587
X = 0.0784314,1,0.937255,0.2148148
Y = 0.45098,0.823529,0.0862745,1
Z = 0.988235,0.913725,0.309804,0.9407407
R = 0.937255,0.156863,0.156863,0.7777778
BackgroundColor = 0.933333,0.933333,0.92549
GradientBackground = 0
CycleColors = true
Cycles = 10.13333
ColorIterations = 28
FOV = 0.4
Eye = -0.296716,-0.0422444,-4.62051
Target = -1.42768,-0.137922,5.31487
Up = 0.0013069,0.999951,0.0097783
EquiRectangular = false
#endpreset

#preset trueblue
BaseColor = 0.4,0.690196,1
OrbitStrength = 0.4311927
X = 0.0784314,1,0.937255,0.9259259
Y = 0.447059,0.623529,0.811765,0.119403
Z = 0.768628,0.627451,0,-0.1555556
R = 0.0784314,1,0.937255,-0.0962963
BackgroundColor = 0.933333,0.933333,0.92549
GradientBackground = 0
CycleColors = true
Cycles = 10.13333
ColorIterations = 28
#endpreset

#preset sheen
BaseColor = 0.4,0.690196,1
OrbitStrength = 0.5504587
X = 0.0784314,1,0.937255,0.2148148
Y = 0.45098,0.823529,0.0862745,1
Z = 0.988235,0.913725,0.309804,0.9407407
R = 0.937255,0.156863,0.156863,0.7777778
BackgroundColor = 0.933333,0.933333,0.92549
GradientBackground = 0
CycleColors = true
Cycles = 10.13333
ColorIterations = 28
#endpreset